
position_bytes position_share rows_checked buyer_in_sample_rows seller_in_sample_rows either_in_sample_rows both_in_sam
                                                                                                               ple_rows
-------------- -------------- ------------ -------------------- --------------------- --------------------- -----------
             0              0       144248                87099                111982                144248       54833
    3983544112            0.1       144778                87613                109916                144778       52751
    9958860280           0.25       144906                87825                109824                144906       52743
   19917720561            0.5       144680                87130                110544                144680       52994
   29876580842           0.75       145110                87809                109701                145110       52400
   35851897010            0.9       144775                88009                110829                144775       54063



